        0         1   14.91745        72         4         16   5.735545   132.8466   .1217277         5         0          1         0  
        0         0   15.67181       168         6         36   9.730863        132   .1163292         4         0          0         0  
        1         1   6.907755        24         2          4   12.62603       1533       .061         5         0          0         0  
        0         1   12.97154        24         2          4       -112   2216.608   .1294513         5         1          0         0  
        1         1    9.21034       216         2          4   4.275317       1295       .142         3         0          0         0  
        0         1   12.82126       168        11        121   25.98991         10        .09         3         1          0         0  
        0         0   12.21602        36         2          4   1.758381   94.05459       .508         6         1          0         0  
        0         1   9.903487         6         2          4   1.163443         95       .076         3         0          0         0  
        1         1   13.74348       204         2          4   4.910851   16.22553       .046         3         0          0         0  
        0         1   12.61653        24         4         16   15.12242        134       .085         5         0          0         0  
        0         1   6.907755        36         3          9   72.66721        410       .294         4         0          1         0  
        0         1   7.600903        48         2          4   .9336644         95       .078         4         0          0         0  
        0         1   12.76911       144         3          9   .1172277         79       .013         3         0          1         0  
        0         1   10.49127        96         2          4   2.731933   16.22553        .07         3         0          0         0  
        1         1   11.51293       288         2          4   7.742111   3212.875        .08         3         1          2         0  
        1         0   8.612503        24         2          4   16.70448         31       .066         6         1          3         0  
        1         1   8.070906       312         4         16   283.5452       4672       .203         3         1          0         0  
        1         1   11.70355        72         2          4   10.98126         31       .144         5         1          1         0  
        1         0   7.600903         6         2          4   83.19242        127   .0751397         6         0          1         0  
        1         0   10.37349        36         2          4   109.8868        427   .1504744         5         1          0         0  
        0         1    11.5759        24         4         16   7.660078        324   .1246512         5         0          0         0  
        1         1   15.07568       600         6         36   1272.469       5387       .041         2         1          0         0  
        1         1   11.83501       288         8         64   344.5972        584   .1577578         3         1          3         1  
        0         1   12.20607        96         6         36   3.859886        792       .164         3         1          0         0  
        0         0   13.12236       180         4         16   19.85394         60    .140811         2         0          0         0  
        1         1    9.21034        12         2          4   2.321567        792       .164         4         0          0         0  
        1         1   11.50288       252         2          4   8.279557   16.20534       .018         4         1          0         0  
        1         1   13.00807         6         3          9   109.0595       2315   .1226831         6         1          4         0  
        0         0   12.64433        60         3          9   7.978635         48        .12         6         1          1         0  
        0         1   13.41503        24         4         16   4.463733   2216.608   .1164882         5         1          2         0  
        0         1   14.37798        96         4         16   15.09718   2439.999   .1228219         5         0          0         0  
        0         1   12.49687        12         3          9   24.00112       1175   .1167644         4         0          2         0  
        0         1   14.82711        36         5         25    98.5402        506   .1054034         5         1          3         1  
        0         1    12.4342        24         3          9   24.00112       1175   .1167644         4         0          2         0  
        0         1   14.03865       168         3          9   .2137553   30.86709        .14         3         0          0         0  
        0         1   14.02739       192         2          4    28.3514        220       .138         4         0          0         0  
        0         0   10.30895        49         4         16   1.361589   43.64033       .108         2         0          0         0  
        0         1   10.30895         2         4         16     1.4425   43.64033     .11808         1         0          0         0  
        0         1   9.433484         6         4         16   604.6107   387.4379       .074         3         0          0         0  
        1         1   9.852194       168         3          9   19.22383         14       .081         4         0          2         0  
        1         1   13.84507         4         6         36   976.2715   788.7251   .0618525         2         1          3         0  
        0         1   13.93409        36         6         36   533.7604   788.7251    .067795         4         1          0         0  
        0         1   12.59473         3         5         25   66.49621   1494.313       .132         3         0          3         0  
        1         0   7.600903         6         2          4   34.65858   95.53715       .142         3         0          0         0  
        1         0   8.633018         6         2          4   4.655537   2433.905        .04         5         0          0         0  
        0         1   11.03489         4         4         16   70.17767   1494.313       .132         2         0          3         0  
        0         1    14.7318        36         2          4   -8.21368    68.1957       .123         3         0          0         0  
        1         0   13.66485        60         4         16    173.015   2063.991       .047         1         0          2         0  
        1         1   14.56928         8         3          9   31.96267    125.069        .03         3         0          0         0  
        0         1   14.66814       187         2          4   3.140422   67.24289   .1339963         4         1          2         0  
        0         1   11.40757        60         3          9   11.23638        630       .179         5         0          0         0  
        0         0   11.19821         1         3          9   123.5808   58.91595   .0719803         5         0          0         0  
        0         1   11.18164        12         4         16  -.8604065    490.594       .139         4         0          0         0  
        0         1    13.8643       120         6         36   537.8873       1380   .1039398         4         1          3         0  
        1         1   7.600903         1         2          4   1.967558         35       .156         3         0          0         0  
        1         0   13.13033         6         2          4   275.7511   58.91595    .075949         1         0          0         0  
        1         0   9.615806       209         5         25   2.522771   16.22553       .046         3         0          0         0  
        0         1   12.10541       168         4         16   50.33228   222.8337        .15         4         0          2         0  
        1         0   12.05525        96         5         25   26.14473   302.6208       .194         4         1          2         0  
        1         0    9.10498        24         2          4   18.86881   352.6092        .12         1         0          0         0  
        1         0   8.006368         3         2          4   1.332535   1170.467       .048         2         0          0         0  
        1         0   7.600903         6         3          9   75.72882   859.8765       .159         1         0          0         0  
        1         1   6.907755         6         2          4   1.963351   233.4549       .118         1         0          0         0  
        0         1   8.853665        48         2          4   -5.73679    68.1957       .277         4         0          0         0  
        1         0   13.42247       151         7         49   35.79418   379.8658       .047         4         1          3         1  
        1         0   8.006368         4         3          9   53.71577   432.8686       .289         3         1          2         0  
        0         0   10.91509        36         3          9   15.22328         41       .033         5         0          2         0  
        1         0   9.472705       132         3          9   1.024762    630.095       .362         1         0          0         0  
        0         1   13.59237         6         3          9   17.22536         32       .095         5         0          0         0  
        0         0   10.12663         6         2          4       .842   252.9573        .02         1         0          0         0  
        0         1     13.017         6         3          9   25.06167         20       .098         3         0          0         0  
        0         0   14.80876       180         5         25   1.326751   50.25996   .1345699         2         0          0         0  
        1         1   13.38473       240         2          4   14.41098        282       .115         3         1          3         1  
        0         0   13.15386        58         2          4   17.78434         18   .1271394         3         0          0         0  
        0         1    9.10498        54         3          9   29.98231    125.069       .041         3         0          0         0  
        1         1   10.91509       120         2          4   2.481069        427       .017         4         0          0         0  
        0         0    14.4532        36         5         25   22.15686   840.9695       .022         1         0          4         0  
        0         1   8.517193         6         2          4   1.510539   43.64033   .1166991         1         0          0         0  
        1         0   14.64903       168         3          9   14.31405   561.3594       .085         1         1          0         0  
        1         0   13.18063        24         2          4     26.844        220       .138         5         0          0         0  
        0         0   7.600903        12         3          9    1.38236         35       .155         3         0          0         0  
        0         1   13.08154       288         2          4   10.08095   352.6092       .057         3         0          0         0  
        0         1   7.313221        96         3          9   17.22536         32       .064         5         0          1         0  
        1         0   15.20181       156         5         25   8.300904   369.6616   .1372163         4         1          3         1  
        0         0   13.21767        10         2          4   25.55514   302.6208       .197         4         0          0         0  
        0         1    12.7513         7         3          9   88.91582   1000.853   .1226924         5         0          3         0  
        0         1   14.51861         6         2          4   3.816661   129.6902       .016         3         0          2         0  
        0         1   13.90169       168         4         16  -11.82469   831.3969        .27         2         0          0         0  
        0         1   14.84513        84         2          4        2.1        185   .1311947         5         1          3         0  
        0         1   13.71015        36         4         16  -4.772206       1362       .273         5         0          0         0  
        1         0   10.91509        12         3          9   15.22328         48       .033         5         1          3         1  
        0         1   13.83109        12         4         16    .474448         95       .131         6         0          1         0  
        0         0   13.21767       240         2          4   10.08095   352.6092       .057         3         1          0         0  
        0         0   13.38473       252         7         49    6.53981       1307       .089         4         0          0         0  
        0         1   13.69898       108         3          9   29.97111   42.23304       .131         2         1          0         0  
        0         0   13.74283        36         4         16   18.48501        154       .393         5         1          2         0  
        0         1   11.77529        84         3          9   .9503051   43.64033       .108         4         0          1         0  
        0         1   11.99226         3         2          4   33.04722         21   .1396118         2         0          0         0  
        0         0   10.49127         6         3          9   26.25489   265.3056        .19         2         0          0         0  
        0         1   15.55598       192         6         36   20.36199   42.23304       .086         4         0          0         0  
        0         1   14.65535       180         3          9   35.51652    439.328       .059         4         0          0         0  
        0         1   8.517193         6         3          9   -12.5331   831.3969        .27         2         0          0         0  
        0         1   9.615806         6         2          4    .719666        297       .274         5         0          0         0  
        0         1    13.3801        72         5         25    1.38236         35       .155         4         0          0         0  
        1         1   14.84513        40         3          9   13.87732         21   .1405336         5         1          3         0  
        0         1   14.15198        36         5         25   25.94152         33       .065         5         0          0         0  
        1         0   7.313221         6         2          4   19.73336   225.9576       .174         1         0          0         0  
        0         1   12.46072        82         2          4   16.22666   212.3206        .11         3         0          0         0  
        0         0   12.30138        16         4         16  -.9503782    490.594       .139         4         0          0         0  
        1         0   15.06827       154         3          9   18.68695         18   .1358359         4         1          3         1  
        1         1   14.84513        24         2          4   5.048175   129.6902   .0292219         1         1          2         0  
        0         1   13.88783        84         5         25   27.16103         33       .065         5         0          4         0  
        0         1     12.014        60         4         16   1.318673         95       .076         2         0          4         0  
        0         0    13.3503       192         3          9   7.574443        648   .1439084         4         0          0         0  
        0         1   13.91082        12         2          4   .5579462   252.9573        .02         3         0          0         0  
        0         0   14.58098        25         4         16   16.53318        154       .393         5         1          2         0  
        1         0   7.130899         6         2          4   23.15467   212.3206   .1349948         1         0          0         0  
        0         0   12.63623        35         4         16   .3060574   30.86709        .14         1         0          0         0  
        1         0   13.30468        84         5         25   215.2402   58.91595   .0683366         2         0          2         0  
        0         1   11.99898        60         2          4    2.23414        427       .017         5         0          2         0  
        0         1    12.0137        12         2          4   .7796296   252.9573        .02         1         0          0         0  
        0         1   14.55745        72         4         16  -4.772206       1362       .273         5         0          0         0  
