y	x1	x2	x3	x4	x5	x6	x7	x8	x9	x10	un1	un	cluster
0	1	14.9174	72	4	16	5.73555	132.847	0.121728	5	0	1	0	AFG
0	0	15.6718	168	6	36	9.73086	132	0.116329	4	0	0	0	AFG
1	1	6.90775	24	2	4	12.626	1533	0.061	5	0	0	0	MEX
0	1	12.9715	24	2	4	-112	2216.61	0.129451	5	1	0	0	RUS
1	1	9.21034	216	2	4	4.27532	1295	0.142	3	0	0	0	THA
0	1	12.8213	168	11	121	25.9899	10	0.09	3	1	0	0	CHD
0	0	12.216	36	2	4	1.75838	94.0546	0.508	6	1	0	0	CON
0	1	9.90349	6	2	4	1.16344	95	0.076	3	0	0	0	ZAI
1	1	13.7435	204	2	4	4.91085	16.2255	0.046	3	0	0	0	ETH
0	1	12.6165	24	4	16	15.1224	134	0.085	5	0	0	0	KEN
0	1	6.90775	36	3	9	72.6672	410	0.294	4	0	1	0	PNG
0	1	7.6009	48	2	4	0.933664	95	0.078	4	0	0	0	ZAI
0	1	12.7691	144	3	9	0.117228	79	0.013	3	0	1	0	BRM
0	1	10.4913	96	2	4	2.73193	16.2255	0.07	3	0	0	0	ETH
1	1	11.5129	288	2	4	7.74211	3212.88	0.08	3	1	2	0	SAF
1	0	8.6125	24	2	4	16.7045	31	0.066	6	1	3	0	CAF
1	1	8.07091	312	4	16	283.545	4672	0.203	3	1	0	0	IRE
1	1	11.7035	72	2	4	10.9813	31	0.144	5	1	1	0	MLI
1	0	7.6009	6	2	4	83.1924	127	0.0751397	6	0	1	0	YEM
1	0	10.3735	36	2	4	109.887	427	0.150474	5	1	0	0	DJI
0	1	11.5759	24	4	16	7.66008	324	0.124651	5	0	0	0	MLD
1	1	15.0757	600	6	36	1272.47	5387	0.041	2	1	0	0	ISR
1	1	11.835	288	8	64	344.597	584	0.157758	3	1	3	1	NAM
0	1	12.2061	96	6	36	3.85989	792	0.164	3	1	0	0	ZMB
0	0	13.1224	180	4	16	19.8539	60	0.140811	2	0	0	0	LAO
1	1	9.21034	12	2	4	2.32157	792	0.164	4	0	0	0	ZMB
1	1	11.5029	252	2	4	8.27956	16.2053	0.018	4	1	0	0	BGL
1	1	13.0081	6	3	9	109.059	2315	0.122683	6	1	4	0	CRO
0	0	12.6443	60	3	9	7.97863	48	0.12	6	1	1	0	SIE
0	1	13.415	24	4	16	4.46373	2216.61	0.116488	5	1	2	0	TAJ
0	1	14.378	96	4	16	15.0972	2440	0.122822	5	0	0	0	AZE
0	1	12.4969	12	3	9	24.0011	1175	0.116764	4	0	2	0	GRG
0	1	14.8271	36	5	25	98.5402	506	0.105403	5	1	3	1	BOS
0	1	12.4342	24	3	9	24.0011	1175	0.116764	4	0	2	0	GRG
0	1	14.0387	168	3	9	0.213755	30.8671	0.14	3	0	0	0	BRM
0	1	14.0274	192	2	4	28.3514	220	0.138	4	0	0	0	SRI
0	0	10.3089	49	4	16	1.36159	43.6403	0.108	2	0	0	0	IDN
0	1	10.3089	2	4	16	1.4425	43.6403	0.11808	1	0	0	0	IDN
0	1	9.43348	6	4	16	604.611	387.438	0.074	3	0	0	0	JRD
1	1	9.85219	168	3	9	19.2238	14	0.081	4	0	2	0	CHD
1	1	13.8451	4	6	36	976.271	788.725	0.0618525	2	1	3	0	LEB
0	1	13.9341	36	6	36	533.76	788.725	0.067795	4	1	0	0	LEB
0	1	12.5947	3	5	25	66.4962	1494.31	0.132	3	0	3	0	CYP
1	0	7.6009	6	2	4	34.6586	95.5371	0.142	3	0	0	0	SRI
1	0	8.63302	6	2	4	4.65554	2433.9	0.04	5	0	0	0	ROM
0	1	11.0349	4	4	16	70.1777	1494.31	0.132	2	0	3	0	CYP
0	1	14.7318	36	2	4	-8.21368	68.1957	0.123	3	0	0	0	NIG
1	0	13.6648	60	4	16	173.015	2063.99	0.047	1	0	2	0	GRE
1	1	14.5693	8	3	9	31.9627	125.069	0.03	3	0	0	0	PAK
0	1	14.6681	187	2	4	3.14042	67.2429	0.133996	4	1	2	0	ANG
0	1	11.4076	60	3	9	11.2364	630	0.179	5	0	0	0	ALG
0	0	11.1982	1	3	9	123.581	58.916	0.0719803	5	0	0	0	YEM
0	1	11.1816	12	4	16	-0.860407	490.594	0.139	4	0	0	0	IRN
0	1	13.8643	120	6	36	537.887	1380	0.10394	4	1	3	0	LEB
1	1	7.6009	1	2	4	1.96756	35	0.156	3	0	0	0	UGA
1	0	13.1303	6	2	4	275.751	58.916	0.075949	1	0	0	0	YEM
1	0	9.61581	209	5	25	2.52277	16.2255	0.046	3	0	0	0	ETH
0	1	12.1054	168	4	16	50.3323	222.834	0.15	4	0	2	0	MOR
1	0	12.0553	96	5	25	26.1447	302.621	0.194	4	1	2	0	NIC
1	0	9.10498	24	2	4	18.8688	352.609	0.12	1	0	0	0	PHL
1	0	8.00637	3	2	4	1.33254	1170.47	0.048	2	0	0	0	ARG
1	0	7.6009	6	3	9	75.7288	859.877	0.159	1	0	0	0	COS
1	1	6.90775	6	2	4	1.96335	233.455	0.118	1	0	0	0	PAR
0	1	8.85367	48	2	4	-5.73679	68.1957	0.277	4	0	0	0	NIG
1	0	13.4225	151	7	49	35.7942	379.866	0.047	4	1	3	1	SAL
1	0	8.00637	4	3	9	53.7158	432.869	0.289	3	1	2	0	DOM
0	0	10.9151	36	3	9	15.2233	41	0.033	5	0	2	0	HAI
1	0	9.4727	132	3	9	1.02476	630.095	0.362	1	0	0	0	MAL
0	1	13.5924	6	3	9	17.2254	32	0.095	5	0	0	0	BUR
0	0	10.1266	6	2	4	0.842	252.957	0.02	1	0	0	0	CHI
0	1	13.017	6	3	9	25.0617	20	0.098	3	0	0	0	BUR
0	0	14.8088	180	5	25	1.32675	50.26	0.13457	2	0	0	0	VTN
1	1	13.3847	240	2	4	14.411	282	0.115	3	1	3	1	GUA
0	0	13.1539	58	2	4	17.7843	18	0.127139	3	0	0	0	CAM
0	1	9.10498	54	3	9	29.9823	125.069	0.041	3	0	0	0	PAK
1	1	10.9151	120	2	4	2.48107	427	0.017	4	0	0	0	IND
0	0	14.4532	36	5	25	22.1569	840.969	0.022	1	0	4	0	KOR
0	1	8.51719	6	2	4	1.51054	43.6403	0.116699	1	0	0	0	IDN
1	0	14.649	168	3	9	14.314	561.359	0.085	1	1	0	0	COL
1	0	13.1806	24	2	4	26.844	220	0.138	5	0	0	0	SRI
0	0	7.6009	12	3	9	1.38236	35	0.155	3	0	0	0	UGA
0	1	13.0815	288	2	4	10.0809	352.609	0.057	3	0	0	0	PHL
0	1	7.31322	96	3	9	17.2254	32	0.064	5	0	1	0	BUR
1	0	15.2018	156	5	25	8.3009	369.662	0.137216	4	1	3	1	MOZ
0	0	13.2177	10	2	4	25.5551	302.621	0.197	4	0	0	0	NIC
0	1	12.7513	7	3	9	88.9158	1000.85	0.122692	5	0	3	0	CRO
0	1	14.5186	6	2	4	3.81666	129.69	0.016	3	0	2	0	IND
0	1	13.9017	168	4	16	-11.8247	831.397	0.27	2	0	0	0	IRQ
0	1	14.8451	84	2	4	2.1	185	0.131195	5	1	3	0	ANG
0	1	13.7102	36	4	16	-4.77221	1362	0.273	5	0	0	0	IRQ
1	0	10.9151	12	3	9	15.2233	48	0.033	5	1	3	1	HAI
0	1	13.8311	12	4	16	0.474448	95	0.131	6	0	1	0	ZAI
0	0	13.2177	240	2	4	10.0809	352.609	0.057	3	1	0	0	PHL
0	0	13.3847	252	7	49	6.53981	1307	0.089	4	0	0	0	COL
0	1	13.699	108	3	9	29.9711	42.233	0.131	2	1	0	0	SUD
0	0	13.7428	36	4	16	18.485	154	0.393	5	1	2	0	LBR
0	1	11.7753	84	3	9	0.950305	43.6403	0.108	4	0	1	0	IDN
0	1	11.9923	3	2	4	33.0472	21	0.139612	2	0	0	0	RWA
0	0	10.4913	6	3	9	26.2549	265.306	0.19	2	0	0	0	ALG
0	1	15.556	192	6	36	20.362	42.233	0.086	4	0	0	0	SUD
0	1	14.6554	180	3	9	35.5165	439.328	0.059	4	0	0	0	TUR
0	1	8.51719	6	3	9	-12.5331	831.397	0.27	2	0	0	0	IRQ
0	1	9.61581	6	2	4	0.719666	297	0.274	5	0	0	0	IDN
0	1	13.3801	72	5	25	1.38236	35	0.155	4	0	0	0	UGA
1	1	14.8451	40	3	9	13.8773	21	0.140534	5	1	3	0	RWA
0	1	14.152	36	5	25	25.9415	33	0.065	5	0	0	0	SOM
1	0	7.31322	6	2	4	19.7334	225.958	0.174	1	0	0	0	BOL
0	1	12.4607	82	2	4	16.2267	212.321	0.11	3	0	0	0	GUA
0	0	12.3014	16	4	16	-0.950378	490.594	0.139	4	0	0	0	IRN
1	0	15.0683	154	3	9	18.687	18	0.135836	4	1	3	1	CAM
1	1	14.8451	24	2	4	5.04817	129.69	0.0292219	1	1	2	0	IND
0	1	13.8878	84	5	25	27.161	33	0.065	5	0	4	0	SOM
0	1	12.014	60	4	16	1.31867	95	0.076	2	0	4	0	ZAI
0	0	13.3503	192	3	9	7.57444	648	0.143908	4	0	0	0	PER
0	1	13.9108	12	2	4	0.557946	252.957	0.02	3	0	0	0	CHI
0	0	14.581	25	4	16	16.5332	154	0.393	5	1	2	0	LBR
1	0	7.1309	6	2	4	23.1547	212.321	0.134995	1	0	0	0	GUA
0	0	12.6362	35	4	16	0.306057	30.8671	0.14	1	0	0	0	BRM
1	0	13.3047	84	5	25	215.24	58.916	0.0683366	2	0	2	0	YEM
0	1	11.999	60	2	4	2.23414	427	0.017	5	0	2	0	IND
0	1	12.0137	12	2	4	0.77963	252.957	0.02	1	0	0	0	CHI
0	1	14.5574	72	4	16	-4.77221	1362	0.273	5	0	0	0	IRQ
